-0.6391558,1.8055795,-0.18836536,-3.0509682
0.8218893,0.85239905,-0.5940785,0.60345477
-1.6570336,-1.6332831,2.3838615,-0.34235534
1.728861,0.32863095,-0.7480772,1.0844489
0.11397258,0.20599231,0.32509148,0.5346559
-1.4589822,0.015913395,-0.3560244,-0.63555795
1.4801298,0.98342973,-0.7961182,0.38776082
-0.9300381,-0.05780824,-0.51557696,0.0053464044
1.5771725,0.6224874,-0.9194972,0.324538
0.055171397,0.9484769,-0.062812775,-0.85125387
-0.9981961,-1.8481667,1.8083161,0.25450394
0.87169164,1.5232557,-1.119391,-1.4084684
0.27852046,-0.15424243,0.9804977,0.51172364
1.5766461,-0.18918338,-0.16938432,1.1470487
-1.0236413,1.747916,0.30294004,-1.2262293
1.230346,-0.14865167,-0.16661769,0.89166474
-1.3381088,-0.4250318,0.23650876,0.91149914
-1.6586128,0.25875917,-0.16958275,0.08901244
0.31912747,-1.052223,1.5188704,-0.26427343
-0.71440333,-0.37122315,0.025954582,1.482959
0.7287072,0.8495961,-0.3546404,0.78258014
-0.21254005,-0.50505173,-0.029008703,0.91893834
-1.0538597,-1.461373,1.7288245,1.590807
1.5806121,0.9785329,-0.88846207,0.15843296
0.04842577,-0.30972144,-0.061243698,0.29787797
-0.8248881,1.6682675,0.23948534,-1.0031037
1.0926261,1.2769318,-1.2789276,-1.3290921
0.61050117,-0.4302731,0.91367406,0.22041437
0.39139175,1.244782,-0.7245644,-0.26551968
0.58207273,-0.14620668,0.7023123,1.158792
-1.3403199,-2.4987612,2.6644003,-0.7365516
-0.89623994,-0.31496945,0.10186946,1.2158318
-0.71956253,-0.121044055,-0.42977005,0.2799129
0.63875407,1.3768594,-1.0804414,-0.86798227
1.9140316,0.6864325,-0.99778867,0.42309183
-0.44173977,0.19445959,-0.6446807,-0.13476005
-0.8560891,-1.4400637,1.7325858,0.61523134
1.2861499,-0.2262198,0.036822625,1.0063335
0.277994,1.1766492,-0.8586038,0.18074551
0.46221715,-0.3352353,0.84802735,1.1866888
1.5486388,1.0641419,-1.0288237,-0.13845083
0.85789865,-0.991064,0.4888046,0.41131482
0.24931993,-0.16472489,0.9109052,0.294168
-1.1113131,-0.2286665,0.21495725,0.67163575
-0.9293362,1.7143815,-0.32972902,-3.1643763
-0.9117527,0.20459081,-0.90468335,-0.5946236
-0.07662064,-0.42293635,-0.14546306,0.7094401
-1.0414003,-0.43621334,0.4274958,0.5681257
1.0500886,-0.3303436,-0.1624666,0.706962
1.8628255,-0.38030916,-0.26013374,1.227
1.3870883,-0.82440525,0.35414222,1.178013
1.8420131,1.0106827,-0.9673535,0.1237203
0.14166047,-0.11859567,-0.9179281,0.537135
0.27416843,1.1801445,-0.8479203,0.21173383
1.3083662,1.5889399,-1.1816689,-1.3892474
-0.5915294,1.4173843,0.15487142,-2.1187305
0.5554694,0.00649135,0.37610906,0.77266294
0.66114587,-0.7492821,0.3796625,0.52597874
0.9246527,-1.0504668,0.5344689,0.17578448
0.033667583,-0.14271308,0.5807331,0.06483052
-0.968785,-0.06270501,-0.5373246,-0.04920071
0.64254457,-1.0630465,0.49570388,0.27371523
-1.6413453,-2.5113409,3.6005535,-0.7756165
-1.7931389,-1.2618551,2.1831832,0.40697694
-0.085615955,-0.18708621,-0.4659508,0.56998515
-1.0271862,0.29300272,-0.6644555,-0.797953
1.2704265,0.6535904,-0.802256,0.57990223
-0.38350362,-0.8502568,0.53031546,1.1346341
-0.8531761,-1.4211857,0.7655824,0.3660666
0.53170884,-1.1116089,1.6197057,-0.3274963
-0.7357422,0.24967481,-0.8716639,-0.49794397
-0.639226,-1.1290852,1.146772,0.7311343
1.3056989,-0.9701093,0.312839,0.5588288
0.8850284,-0.12384703,-0.19884345,0.9957931
-0.17693187,0.32618254,-1.3957765,-1.4710681
0.16007574,0.59697366,0.124020934,0.4745329
0.818906,-0.19372554,0.6095993,0.43114924
-0.7000839,-0.6790557,0.6349119,0.70138264
0.6984187,-1.0780745,1.0243853,0.67039436
-1.1248254,0.24791873,-0.56362027,-0.940504
0.8390165,1.526751,-1.0739113,-1.3396373
-1.5533926,0.6794419,-0.221581,-1.7995489
-0.43981645,-0.19547318,-0.46061364,0.31462556
0.73709536,0.9655987,-0.4446,-0.7018485
1.0727963,0.8240991,-0.6257135,0.38156316
-0.7656798,-1.3747171,1.0593892,0.63568646
0.10174485,-0.31462008,0.9605383,-0.080212995
0.8326289,-0.20805112,-0.038100053,1.1488701
-0.84208554,1.6878208,-0.44123805,-3.205886
1.468232,1.4131967,-1.321246,-1.5534638
1.2564931,1.4079454,-1.2561992,-1.3848855
0.7335506,0.07217555,0.28060398,0.9480716
-1.0629848,-1.8841496,1.9121047,0.43300903
0.11083142,0.92298,-0.082402945,0.3090462
1.105647,-0.06199583,-0.11205358,1.2387433
-2.4360774,1.1752478,-0.2943393,-1.3197933
-0.036297917,-1.0578121,0.7070657,0.09335033
-0.4737375,1.381047,-0.07548062,-1.9377857
-0.19796784,-0.6056718,1.5746182,0.7360953
0.16265185,1.4753857,-0.6749313,-1.3656646
-0.85257953,-1.9096634,1.8862153,0.50552595
-0.3381024,-0.32195747,-0.39813733,1.0670495
0.7279702,-0.10986592,0.55779713,0.62762904
-0.8692505,-0.098333195,-0.30501583,0.044363413
1.2714093,-0.23775084,-0.01181826,0.88051087
-1.1004331,-0.029846033,-0.15495357,0.5234992
-0.6895899,-1.1661149,1.1930362,0.65117824
0.20594026,-0.11930485,-0.8785631,0.85200065
1.2940466,-0.777582,0.12995103,0.89042807
-0.791125,0.1591691,-0.51458937,-0.5605437
0.08745343,0.51347536,-1.5507905,-2.3586326
0.7769303,-1.1185994,1.1185058,0.5687455
-0.8973279,-1.4701028,0.9441323,0.34127596
-0.31842363,-1.039981,0.111353055,0.92761403
1.3712946,-1.2010677,0.547506,0.22970846
-0.8330306,-1.7719969,1.7646129,1.0181056
-0.39947972,1.167565,0.16474727,-1.6359075
0.7493793,0.2877514,-0.20616035,0.37226427
0.47102645,-1.391839,1.532715,0.13673875
-1.5189626,0.37650102,-0.4175129,-0.4793462
-0.53095233,0.06587727,-0.9446022,-0.044263653
0.19315098,0.2723857,-1.2637215,-0.25310516
1.5017143,0.044922505,-0.41019833,1.1606615
-0.15748824,1.340522,-0.31233042,-0.20603555
1.3279853,1.2919428,-1.4851438,-1.9427229
0.939253,0.2199734,-0.16127826,0.775141
-0.9668195,-1.881009,1.782611,0.18446507
-0.42660603,1.6126977,-0.4347126,-2.8116896
1.2211857,0.19655336,-0.13360049,0.85757524
-1.5451097,0.3160513,-0.48631626,-1.3563657
-1.5024672,-2.4676583,3.2707734,-0.04670821
-0.38265783,-0.77862895,0.5085563,1.0453792
-0.33660376,-0.3474637,-0.4531006,0.76832503
0.7500812,-1.0497745,1.033292,0.6046943
-0.094425246,-0.8726131,-0.030600855,1.217701
0.69090796,-0.031602103,0.35158092,0.91088086
0.9013836,0.67594665,-0.8625495,0.24830145
-0.35145673,-0.066200286,-0.676708,0.028258072
0.01440995,0.26189986,-1.3876773,-1.3706496
0.22201459,1.1074699,-0.6709855,-0.22401021
-1.7498295,-2.4306285,3.2152333,-0.15086533
-0.16868588,-0.576325,1.6078454,0.9294738
0.108114935,-0.013433421,-1.0853792,0.49746856
1.0397352,-0.11162201,0.1459647,1.5672722
1.2110426,0.7755198,-0.9090214,0.09582843
1.3902119,-0.24508755,0.12323638,1.1426868
-0.81758803,-1.4519341,0.8695789,0.41131482
-0.04021823,-0.47324976,-0.09525542,0.9920784
1.0818864,0.8464554,-0.5033198,0.3425126
1.0298378,-1.1811429,0.50440294,0.019582352
0.40265787,-1.1004307,1.4793208,-0.17502327
-0.62262523,-0.62909186,-0.38370427,0.50986385
0.5032102,1.0075252,-0.4028814,-0.8531232
1.0647241,-0.117903374,0.054220747,1.2090253
-2.0786865,1.2318476,-0.43728307,-2.297279
0.51475704,0.98830956,-0.31233042,-0.9237756
1.143025,1.3639251,-1.2890111,-1.525615
1.2714093,-0.72062755,0.17838429,1.0621123
-0.23470017,1.2685395,0.14379573,-1.5317985
-0.8177635,0.28670448,-0.7595452,-1.2776607
1.1724011,0.9114473,-0.73582464,0.11318476
-0.24538364,-0.41454938,-0.44479612,0.9945565
1.8104259,1.4614046,-1.3594112,-1.5119544
0.04842577,-0.30972144,-0.061243698,0.29787797
-0.581562,-0.010292741,-0.6893759,-0.112423554
1.284746,0.6085064,-0.76824427,0.68031156
1.0973992,-0.08470667,-0.049960297,1.3608751
-0.22785981,1.050853,0.08705566,-1.2950122
1.6878678,1.4739842,-1.2979178,-1.4840575
1.7499892,1.4076077,-1.290211,-1.205762
1.2993814,0.7276666,-0.90842146,0.47329625
-0.32713816,-0.006088284,-0.86631066,0.24086715
-1.1703459,-1.5983304,2.3822696,0.16338919
0.4559348,-0.36423597,0.61908275,0.09211367
1.379788,-0.8296397,0.20032807,0.9437289
1.081009,0.18537523,-0.10374682,0.76274574
1.7798917,1.4449918,-1.3661258,-1.3601044
-0.22420622,1.2514179,-1.2026204,-2.6970353
-0.45837215,-0.311126,-0.39438078,0.8346443
0.55631167,-0.001900695,-1.030416,0.66791624
-0.2783185,0.38943523,0.3707558,0.38900226
-0.872339,0.34261206,-0.5313945,-0.014497596
1.6997305,-0.28212565,-0.31984344,1.1154133
1.2113235,1.3876829,-1.2546302,-1.3892474
-0.78519356,-1.4561216,1.1985742,1.1272047
0.07381832,0.8936332,-0.26725224,0.36916783
1.411691,0.116195776,-0.10988461,1.0317425
-1.0230798,-1.5389445,1.2302092,0.2842508
0.65286297,1.2206695,-1.095855,-0.05538399
0.48748684,-1.3988296,1.5099636,0.36668494
1.542567,1.004739,-0.91296715,-0.018236374
-1.2453829,-1.7625577,2.0611887,1.0329839
-1.6375899,0.52465355,-0.4614051,-1.9830341
-0.42557418,0.24023587,-1.105154,-0.91879064
-0.7758929,-0.1612313,1.297425,0.580522
-0.9541496,-1.2255177,0.99136573,0.99021864
-1.4705291,-1.7056035,2.0295537,0.7497321
-0.81102484,-1.4176905,0.77093565,0.556969
1.6180604,-0.39498258,-0.2314661,1.0974386
-0.9164557,-1.3942873,1.0445523,0.4677169
-0.74216497,-1.4557838,1.299617,1.2059096
-1.1744874,-1.9047667,1.9057823,0.27867624
1.5978094,1.1046668,-0.9345186,-0.047331322
-1.0102344,-0.030555217,-0.55215454,-0.1421896
1.5782254,-0.25871575,-0.29987484,0.7286562
1.1667506,-1.2213302,0.53486115,-0.033095375
-1.2494191,-1.5064402,2.2802572,0.5272183
0.8920127,1.2073976,-1.0175635,0.06981552
1.1590993,1.3139613,-1.2484924,-1.0378069
1.3813324,1.3275878,-1.2617371,-0.9485566
-1.8559271,-1.302397,2.1861367,0.17330639
1.5315819,0.874063,-0.8085784,0.3995378
-1.2546836,-2.5067985,3.2695968,0.25016123
0.51479214,-0.14096545,0.6273896,0.9573657
1.0697079,1.3324846,-1.2140884,-1.0805626
-0.2389153,-0.33558482,0.78436494,0.641261
0.4239616,0.29369503,-0.025639854,0.39271703
-0.6421741,0.25490928,-0.6692088,-0.3888498
-1.3865423,0.18014076,-0.31213197,-0.012005154
1.7567278,1.2929896,-1.4881203,-1.3117408
1.2595816,-0.76150715,0.22801735,0.7429113
-0.64301646,-0.62909186,0.23256302,0.8544788
0.07803696,0.5693829,-0.10157781,0.3654483
-0.650808,1.6623238,-0.36116493,-2.8370938
-1.6949381,0.5319987,-0.49758583,-2.055508
-1.2767245,-0.32964453,-0.12272551,0.58919924
-0.91231424,-0.036498874,-0.33743957,-0.23699988
1.6105145,1.0581982,-1.0519675,-0.25497454
1.0613197,1.3024287,-1.2734127,-1.1555768
0.38093293,0.6560219,-0.3259725,0.5544899
-1.7232963,-2.5057516,3.5940464,-0.8872031
0.08108335,-0.3132223,-0.3912173,0.6796932
-1.5795398,0.11584118,-0.16424564,0.03818013
0.1875776,0.34330437,-1.4857436,-1.4134053
-0.4491417,0.22346868,-1.0426685,-0.8413319
0.08642159,0.3901276,-1.4021219,-1.417767
-1.4913765,0.56239235,-0.4979804,-2.0357118
0.9818956,1.018011,-1.1634861,-0.015120764
0.2626918,1.1102558,-0.82242304,0.13426064
1.0270652,1.3496064,-1.2295021,-1.2125685
0.8834841,0.074269325,-0.037315503,0.5495313
-0.046683066,0.89886767,-0.420478,0.00036140523
0.5300593,0.77447295,-0.3265655,0.845803
0.32025057,-0.26570293,-0.7813044,1.202794
-0.28656623,-0.48234084,1.5099636,0.80489266
-0.65635324,-0.6200075,0.5811254,0.83154315
0.25486523,1.2028553,-0.8279609,0.027011853
-1.081165,1.4062061,-0.65497184,-2.0549326
0.23598313,0.95127994,-0.2530176,-0.88658005
1.0577749,0.19272037,-0.11085373,0.829065
-1.5632197,-2.466966,3.256352,0.108846866
0.1117685,0.018007189,-1.0654199,0.46895835
1.4645118,-0.99386704,0.28870308,0.72059876
-0.8553872,-0.38904396,-0.04026905,1.360252
-1.405249,-2.4148912,3.0874932,0.34189427
1.0820268,1.414936,-1.3344908,-1.8187698
-0.8655653,-0.54348284,-0.080603145,0.74229294
0.20551911,1.2325568,-0.49106038,-0.25372833
-0.45837215,-0.026367627,-0.854658,0.19314082
-0.046261895,-0.2761854,-0.7526229,0.80179626
-0.95860696,-1.1881336,0.95123935,1.0069518
-1.5993695,0.33457458,-0.4985734,-1.436365
-0.48849574,-1.4390168,0.80257076,0.72493666
-0.9521842,-0.35724708,-0.039876774,1.227
-0.46324357,0.16860804,-1.0731267,-0.009560594
-2.623389,1.2479225,-0.2880123,-1.677465
-1.1341963,0.026753826,-0.44558758,-0.44526625
-1.3294398,-0.24543707,0.2629982,0.38590106
-1.0525962,-1.4676543,1.3923302,0.90654296
0.7938821,0.84226775,-0.4408435,0.78258014
-1.1747681,0.3789494,-0.45329908,-1.3656646
0.4606729,0.50543797,0.13389678,0.86749244
1.205006,-0.75102127,0.09614701,0.6183301
1.1085601,0.20320623,-0.1796663,0.83774555
1.6134274,-1.1448056,0.46033075,0.4534618
-0.98703533,-0.5487174,-0.08773314,0.6443623
-0.73661965,-0.3561985,-0.019317456,0.5792825
-0.11115239,0.23849668,-1.1393503,-0.7967068
1.9862257,0.19550645,-0.6539797,1.2647706
0.7643305,1.0466654,-0.4022884,-0.27668795
-0.28595555,1.1113027,0.1511103,-1.2256061
-1.9234183,-1.2852752,2.246638,0.3803217
1.6455762,1.1392651,-1.1304667,-0.17440017
-0.84640247,0.23988126,-0.66108656,-0.67026097
-0.23619881,-0.60671866,0.14478791,1.1625308
-1.5565865,-2.5847077,3.7310622,-1.0241461
-1.071373,-1.4631122,1.0866631,0.268759
0.9338481,-0.7981991,0.16513957,0.67411387
0.095841564,-1.2339097,1.575818,-0.8090733
1.2401029,0.35659316,-0.18500572,0.7286562
-0.42801338,1.3097738,-1.2216107,-3.029255
0.66016316,1.4953104,-1.1621017,-1.7177283
-1.6560508,1.133676,0.37650132,0.1280582
1.5421108,-0.1699661,0.029900303,1.1365035
0.714107,-0.070387855,0.047298424,0.76584697
0.08712703,0.08720355,0.7847573,0.83092475
1.063987,1.4991435,-1.1340202,-1.4022372
-1.081165,1.4062061,-0.65497184,-2.0549326
0.048050247,0.9827205,0.015663382,-0.97769964
1.5040659,1.3855891,-1.2589682,-1.2820226
-0.2740086,-0.3708736,-0.4582416,0.86749244
-0.93147707,-0.34571776,-0.21861593,0.5941578
-0.42801338,1.3097738,-1.2216107,-3.029255
-0.33018455,0.17873926,-0.765683,-0.5165417
0.5963923,-0.6500466,0.24225429,0.5377548
-0.6588451,0.056455232,-0.45685714,-0.23206289
-0.30998984,-0.5364923,1.2871569,0.37412405
0.45382902,-1.0602604,1.5493056,-0.2989765
-0.13593635,0.83142734,-0.10077021,0.12000075
-1.0990644,1.754214,-0.1917273,-3.5300527
1.1068052,-0.8282551,0.30037877,0.6846494
-2.5945394,1.2129867,-0.2975028,-1.6241642
-0.23868366,0.021502463,-0.9177205,0.18136384
0.86175925,-0.23006293,0.71142673,0.45036057
1.3595723,1.0802169,-0.9898742,-0.11985304
0.38402146,-1.2489378,1.6495639,-0.25809017
-0.9734529,1.7846079,-0.18540029,-3.0676968
-0.078214034,-0.38345322,1.4350408,1.0032322
-0.9675566,1.6392584,0.07281874,-2.0090613
1.0649347,0.8544928,-0.5917018,0.21669483
1.1580114,-0.96136266,0.42691898,0.5644069
1.1475174,0.8754645,-0.77498204,0.50552595
-0.39601213,1.1493963,0.07715674,-1.5076404
1.2492982,-1.0599058,0.5129174,0.51482004
-0.6469122,-1.5057478,0.9547928,0.7175023
-1.5633601,-1.7076972,2.5491438,-0.15642549
0.14049174,0.9676925,-0.19785586,0.1237203
-0.48667067,0.029202193,-0.8823243,-0.0058218744
0.9520283,0.6780404,-0.4665438,-0.148996
1.2884662,-1.117198,0.4249346,0.33135873
-0.68601006,-1.4264371,0.978721,0.51606154
-0.42505825,0.2688904,-1.1522027,-1.1376022
0.7452028,0.26189986,0.12104431,0.6958081
-1.2068818,-2.3719182,2.4107432,-0.46817797
0.88074666,0.9456909,-0.5733091,0.14355473
1.6142348,1.0795075,-0.9536935,0.07163691
-0.59293336,-0.5543064,0.3148003,0.7813387
0.8320322,1.228707,-1.1247212,0.07724502
-0.52228343,-0.17136422,-0.73937815,0.34313574
-0.7735064,-2.1235,2.0099866,0.085920796
1.135058,0.42087588,-0.21881205,0.7292745
2.2434504,0.5756643,-0.9345186,0.829065
0.18064247,-0.40197143,1.3112696,0.24334525
1.3196672,-0.85724735,0.24836901,0.67163575
-0.018538933,-0.18568134,-0.17313161,0.35429442
0.4108354,-1.1137196,1.617929,-0.449005
0.14489287,0.2825169,-1.1856146,-0.10187844
1.085361,-0.18394214,0.042752776,0.876173
1.2272574,-0.067247175,0.06924222,0.9976529
0.60681605,-1.4673166,1.5331073,0.5284578
-1.4567711,-1.7422954,2.5048409,0.109465204
-0.3966193,-0.60393256,-0.427398,0.50800407
1.642628,-0.38974306,-0.20279841,1.1036218
-0.5866861,-1.4100076,0.76320577,0.55139065
-0.1412307,-0.48303318,-0.024255378,0.9381544
-0.057506915,0.5365408,-1.5363691,-2.4961987
-0.96646863,0.22905773,-0.5786417,-0.734107
-1.6244285,-1.6870801,2.4508696,-0.20042744
0.4395095,1.1717526,-0.63953507,-0.09694138
-1.317156,-0.31007773,0.33556733,0.3518115
-1.4147953,-2.611961,3.7144485,-0.62750536
-0.94246244,1.6417067,0.24975349,-1.0018575
0.5664547,0.037239645,0.1542715,0.5272183
-1.0159551,0.16126287,-0.49224636,-0.80226696
0.3967616,-0.15424243,-0.80246365,0.8811292
0.20909895,1.3436627,-0.66367096,-0.2884314
-0.9640469,0.046324003,-0.45586956,-0.23637678
-1.0946772,-0.32195747,-0.20556733,0.5966369
0.20386954,1.1221433,-0.7336557,-0.43040723
0.4377547,0.40480095,-1.3953842,-0.57976466
0.27627426,0.0487555,-1.0851716,0.6288657
1.3002237,-0.22237669,-0.09564766,1.443319
0.9964608,-0.0043490813,0.14042686,0.8612948
1.480165,-1.1210479,0.44943964,0.446641
-0.49055943,1.2835677,0.05145182,-1.7635995
-0.31556672,0.089297324,-1.0357462,0.06732302
1.2297142,1.4823762,-1.2073737,-1.5001631
0.96729535,-0.88205194,0.29227966,0.470195
-2.2161608,0.9876173,-0.21960351,-0.83016354
0.68939877,-0.26570293,0.770728,1.2560949
-0.80565506,-0.44879127,0.23770861,0.6139918
-0.13457775,0.7318542,0.06351974,0.22165103
0.9870548,0.8139679,-0.4942239,0.98401606
-0.34714332,0.23709518,-1.1112688,-0.773124
1.6094966,1.1462387,-1.0256625,-0.04670821
0.07353754,0.2227595,0.6428034,0.8774097
-1.6297632,-2.4117508,3.1064835,-0.0981876
-0.18419376,-0.23914896,-0.4236415,0.5011881
-0.018538933,-0.18568134,-0.17313161,0.35429442
0.9127549,-0.7433384,0.18708333,0.7125413
-1.6290964,0.49285832,-0.46120664,-1.9328009
-1.684409,0.7192746,-0.215847,-2.0530634
-0.018538933,-0.18568134,-0.17313161,0.35429442
-0.8590022,0.31709823,-0.795149,-1.2981278
-0.79126537,-1.4676543,0.9138818,0.5947776
-0.07310745,-0.39358616,-0.44103962,1.1433098
1.3231771,-0.26710105,-0.12608746,1.0336022
1.0446838,0.6071049,-0.9299729,0.13611563
0.022141775,1.4208796,-0.6009777,-1.357612
-0.27428937,0.2335999,-1.1336279,-0.9584786
1.3427962,1.6018741,-1.2925875,-1.515693
1.2759016,-0.8013398,0.15960167,0.8073708
-1.9911201,0.8132587,-0.3937878,-2.7211933
1.2518251,-0.15284432,-0.078041896,1.3769805
1.4789014,1.4729373,-1.40586,-1.4487314
0.030491317,-0.856555,0.36503333,0.09521969
-2.0123887,0.9425502,-0.34099832,-2.97907
0.5186879,1.1923697,-0.8874698,0.20491783
0.8648828,-0.18603931,0.18055326,1.4618688
-0.99058014,-0.43796098,0.34763524,0.93257505
1.4517716,-1.0578121,0.38520038,0.56936526
-0.4047723,-1.4466996,0.9998802,0.8662558
0.38710994,1.2440727,-0.8720562,0.21483503
1.231469,-0.8610972,0.3830083,1.0881398
1.3020487,-0.92678136,0.53546107,1.3484607
-1.1315289,-0.006088284,1.21558,0.37598383
1.1812104,1.4544309,-1.3077937,-1.8162771
0.16864991,0.25804996,-1.2836808,-0.23513056
0.10703746,0.51382995,-1.4551009,-2.1484969
1.26625,-0.21853356,-0.110669136,1.0974386
0.18710732,1.1116574,-0.6618942,-0.13533522
-0.46010593,0.24442345,-1.1964827,-1.0117795
1.1987237,1.4089923,-1.2376243,-1.456784
0.30438682,0.12946768,0.11610638,0.47639266
-0.65642345,-0.54733276,0.14003456,0.7689434
1.3389003,-0.055359855,-0.45942762,1.0243082
1.1320748,0.6546373,-0.7437392,0.4534618
-0.49341628,-1.3890359,0.94491696,1.0621123
1.114351,0.85239905,-0.6160222,0.7026241
-1.0883949,-2.0703785,1.7551295,-0.26302722
0.024437116,-0.19512366,-0.61996794,0.75902617
-1.1871222,-1.7024627,2.0206468,1.1247121
-0.016791113,0.8087165,-0.42482752,0.2966509
-1.7328075,-1.2870144,2.164193,0.31400242
0.5824588,-1.4554293,1.6050764,0.27867624
1.6736186,-0.25032875,-0.30639797,1.1327648
-0.16868588,-0.4002238,1.433841,0.7844399
-1.0743912,-0.2751368,0.06647329,1.0336022
0.97305125,1.1616213,-1.0177712,0.19252251
0.44438794,0.18572982,0.32232258,0.6201899
0.45972526,0.3164059,-1.273805,-0.25746706
-0.25864324,0.1424019,-0.9883051,0.25264412
0.11453414,-0.25626907,-0.72871774,0.9691427
1.1621879,-0.17136422,-0.12668048,1.050321
-0.24683665,0.24617954,-1.1684241,-0.9132304
0.10895725,1.5805647,-0.66683215,-1.3848855
-0.16451603,-0.048031606,-0.6729469,0.20243971
-0.3674784,-0.32090938,-0.42126945,0.8079939
1.3129638,0.2573577,-0.6765234,0.8569569
0.29550734,1.1832852,-0.7014207,-0.29341635
-0.8323286,-0.04033185,-0.33724183,0.029504351
-0.1484458,0.29578882,-1.3647413,-1.5466573
-0.96955717,-1.9861712,1.6078454,-0.33061188
-2.009967,-1.1745069,2.0364761,0.031373683
1.0540546,-0.19372554,0.13765791,1.4742832
1.0268196,1.4432359,-1.2085506,-1.205762
-1.3378631,-2.6311765,3.7887943,-0.40682447
0.04842577,-0.30972144,-0.061243698,0.29787797
0.3571022,0.30347168,-1.2836808,-0.19798294
0.9438507,-0.83522874,0.09653926,0.38776082
-0.4435648,-0.29889673,-0.33546254,0.45655823
0.765594,1.0466654,-1.2075584,-0.05912271
0.245354,0.3639214,0.4361949,0.97162086
1.1213703,-0.13956733,-0.18895836,0.871212
-0.7371461,-1.5134307,1.4733906,1.0311241
0.030480774,-0.856555,0.36503333,0.09521009
-0.9642224,0.31361982,-0.5086569,-0.030602932
0.042241726,-0.8900894,0.0455217,1.0949461
-0.1457754,1.1623136,-0.02506298,-1.3340771
0.00044844276,0.6298327,0.121251985,0.37350574
-1.2017576,-1.4243265,1.6485716,1.4395802
1.3303016,-0.1144081,-0.1812492,1.0280229
-0.5878794,-0.5955405,-0.46911424,0.46647546
1.4631078,0.64450604,-0.8378368,0.65985876
-1.8872684,0.2517686,-0.10257001,-0.12483805
0.8412978,0.76643544,-0.51755446,0.28611055
-0.7989866,-1.7656986,1.4241728,0.24768314
1.016852,-0.15144789,0.016863259,0.75592977
-1.0276073,1.5767149,0.09870826,-1.092977
1.1192294,1.1577713,-0.9956197,0.35305297
0.80142784,-1.0148218,0.61929053,0.6487001
-1.4129702,-0.2667515,-0.1834228,0.40759525
1.1893178,-0.26640198,0.11670631,1.5529883
-0.76775044,-0.31916225,-0.5226954,0.3896206
-0.78273684,-1.4484388,1.1924363,0.99827605
-0.6513695,-0.4725507,0.19638231,0.75654805
-1.1928781,-2.0490692,1.6790069,-0.4458894
-0.6940472,-2.019368,1.8708016,-0.023796486
-1.2832875,0.16615963,-0.2733808,0.1547134
-0.7467977,-0.12558621,1.6894827,1.0224484
1.1440078,-0.9739422,0.654479,1.2152085
0.89896184,0.91040033,-0.62827474,0.7212171
-0.58594906,-0.5909984,0.23316294,0.81480986
1.8566484,0.67908734,-0.90387577,0.44974223
1.2857989,1.414936,-1.2552071,-1.4375633
0.36780673,0.98412204,-0.991074,0.07163691
-0.6060946,0.14589718,-0.54187256,-0.40682447
-0.19319119,-0.5721374,1.5050256,0.55387014
-1.5145053,0.5215128,-0.5608536,-1.8677088
0.5437119,1.2584084,-1.1603019,-0.32998878
0.04983316,1.401664,-0.7382014,-1.5379816
-0.10857628,1.2115853,-0.56362027,-0.5989855
1.6486998,1.1584805,-1.0150023,-0.15580238
-0.036297917,-1.0578121,0.7070657,0.09335033
-0.060784962,0.5403738,-1.5106641,-2.493754
-0.20837055,-1.3967357,1.5805483,-0.1620336
-1.6076173,0.89712846,-0.36709622,-2.508613
-1.3928246,-0.25417358,-0.19627526,0.42556992
0.15857361,0.80731505,-0.2190105,0.35553107
-1.8667017,0.88559574,-0.38765922,-2.768311
1.8775661,0.63646865,-0.9036912,0.5402343
-0.19614282,1.437309,-1.2043971,-2.365439
-0.46703756,-1.0630465,0.15999398,0.810472
0.18654576,0.64274997,0.16297054,0.5073858
-0.55534464,-0.08680046,1.4291109,0.86749244
1.5626775,-0.03545199,-0.3479183,1.3534456
2.1516721,1.3523924,-1.3657336,-0.9788979
-0.9935633,1.823039,0.33201382,-2.2074056
1.5423565,0.21262826,-0.18955138,0.9542693
-2.5169053,0.8744007,-0.19133042,-3.0701413
-1.9304025,-1.1814975,2.0580275,0.15161218
-0.49646273,0.16651423,-0.63261276,-0.18369906
-0.110636465,0.7542105,-0.70538956,-0.6188296
-0.75069344,0.16651423,-0.8965612,-0.5586744
1.478024,-0.8750614,0.2515302,0.83216625
-0.54467523,1.5057794,0.13528125,-2.1410673
1.3364787,-0.7251697,0.023185657,0.9102625
-0.25662866,0.1127005,-1.0288237,0.25016123
-0.43780193,-1.2744348,0.66555476,0.7212171
0.9232488,-0.86807084,0.83598244,0.9635633
1.3100859,-0.8879956,0.4927503,1.0887629
-0.0348765,0.25350782,-1.3880696,-1.3557427
0.34920543,1.1102558,-0.8322989,-0.37586012
-1.1636425,0.35238868,-0.39141575,0.007838904
-0.24940573,1.0770591,-1.0709577,-0.64423376
0.8061659,0.17909387,-0.22988547,0.81171346
-1.1044692,1.6284348,0.1388347,-1.3322078
1.3208957,-0.1797495,-0.15574272,0.9282372
-0.09095768,1.0232624,-0.28583637,-1.2485178
0.554978,0.7314996,-0.2603322,0.84022367
-1.9649729,1.0526091,-0.3376373,-1.588838
-0.7729448,0.27412486,-0.62806714,-0.57295823
-0.98113906,-0.32335475,0.098315984,1.1117225
-0.59184533,1.5316477,0.097716056,-1.5051479
-0.22420622,1.2514179,-1.2026204,-2.6970353
1.2439985,1.5774072,-1.2540303,-1.51507
0.9382703,1.3055693,-1.3293452,-1.3514286
1.4513506,0.2335999,-0.8336834,0.7094401
1.3725934,0.25666535,-0.15495357,0.8786511
-0.44501778,-0.16961658,-0.7265257,0.475156
-1.0477177,-1.5487212,1.2501686,0.2470648
-0.32479718,0.21124363,-0.77140546,-0.7910987
0.18785839,0.9086443,-0.052544624,-0.6101538
1.4523332,0.9118019,-1.1045542,-0.148996
1.4042857,1.3639251,-1.4276192,-1.2293448
-0.9030838,-0.33383718,-0.043037973,0.46709856
-1.4873755,0.104325324,-0.19073741,0.046232745
-0.36330894,-0.014480309,-0.8439746,0.19809705
-0.7116658,-1.4152421,0.7525453,0.11504454
1.083185,0.76364934,-0.75836843,0.55758876
0.7483966,1.1521825,-1.0387228,-0.059745822
-1.0064088,-1.8673823,1.7270478,0.3276392
1.1859485,1.4076077,-1.2815119,-1.6198024
0.82950526,0.05260537,0.07637221,0.75096875
0.89601374,0.9215785,-0.44222564,-0.50786597
-1.4082321,-0.22796744,0.19340573,0.34809196
0.41041425,0.7287135,-0.22573209,0.7968353
0.7196172,0.8115195,-0.5308015,0.13177775
-0.6712694,-2.0826204,1.9405786,0.32639775
0.64121085,-0.311126,0.7448385,0.4342457
0.31667072,0.7276666,-0.24056204,0.80613416
0.29094473,0.44253987,-0.65554875,-0.2723261
-0.2794907,0.20844068,-1.1512107,-0.7669408
-0.084868394,1.236052,-1.2073737,-2.223511
0.3563301,-1.1294398,1.5772026,-0.44339684
-0.39872864,0.19376726,-1.1773078,-0.940504
-0.7786656,-1.675902,1.2871569,-0.0132513745
-0.5661194,1.637857,-0.31193587,-2.7013972
-1.7263147,-2.5494173,3.646033,-0.97583026
0.9655054,0.9156349,-0.5950476,-0.6745749
0.022471694,0.62772197,0.062527545,0.34127596
1.3949499,-0.3174153,0.12323638,1.1098531
-1.5189275,0.3387622,-0.4200834,-1.2634248
-1.5533575,0.13716741,-0.20279841,0.011529684
0.16251147,1.0075252,-0.98177505,-0.36033002
-1.415743,-1.409653,2.0803635,0.33259538
0.10806931,-0.24369112,0.15960167,0.79931337
1.0760252,0.22870314,-0.2955253,0.48816967
-0.5045596,-0.29120985,-0.40466046,0.7862997
0.79160076,0.7108825,-0.45547265,0.2352878
1.0891163,0.8272398,-0.53673154,0.7968353
0.064542234,0.35205096,-1.438695,-1.539228
0.8918021,1.1794354,-1.1868144,-0.091956384
-0.23380873,0.24163736,-1.055521,-0.7644482
-1.2351347,-1.4260826,2.084309,0.13983518
1.0641625,-0.9669686,0.5692651,0.74043316
-0.009294431,-0.07771613,-0.6824535,0.29912898
0.76815605,0.6724514,-0.33269456,-0.18806088
0.17352135,1.2870629,-0.50074935,-0.2345074
1.2402081,1.4114406,-1.2969257,-1.6402694
0.55034524,0.00927744,0.26341355,0.7943572
-1.7310526,0.27343258,-0.21802291,0.007838904
1.1759107,1.3918873,-1.2447312,-1.2237366
-0.2103851,0.6902655,-0.23285054,0.23156826
0.9857914,-0.23635273,-0.024463056,1.1401943
-0.2286565,-0.67765427,-0.36986423,0.83774555
-0.018524896,-0.18568978,-0.17314084,0.35428962
0.5350781,-1.1692725,1.6394805,-0.11798372
0.05465898,1.5134791,-0.6682166,-1.5070174
1.1736646,1.3457565,-1.2494847,-1.1258107
1.3948447,1.5361899,-1.4040833,-1.5547101
-0.097706795,-0.28561923,-0.73603237,0.852619
-0.7134206,-1.9236276,1.8221606,0.6065541
1.2044444,0.32025576,-0.18540029,0.7360953
-0.93589926,-1.4928136,1.3812544,0.8612948
-0.8040757,1.0260484,-0.731879,-0.3138835
1.2330835,0.8513521,-0.7041896,0.29974732
0.47355342,0.8625303,-0.64191175,-0.18806088
0.25240844,-0.07143476,0.86879426,0.3586275
0.7459749,0.13716741,0.079325736,0.7602676
-1.081165,1.4062061,-0.65497184,-2.0549326
-0.6810263,-1.5413928,1.4745904,1.1563475
1.1827898,-0.16786894,0.13765791,1.0583737
-1.1730835,-2.006096,1.5940007,-0.3888498
-1.0011091,-0.34676465,-0.1859933,0.76770675
0.044491433,-0.35794613,-0.30560884,0.7813387
0.95515186,-1.1786946,1.1748537,0.84270173
0.04842577,-0.30972144,-0.061243698,0.29787797
-1.0871315,-2.4690597,2.5754254,-0.34734035
-0.5964079,0.17034723,-0.90763694,-0.33679518
-0.75202715,-1.7898109,1.4919885,0.3493334
-1.1984586,0.40341634,-0.48394418,-1.3328309
1.248491,-0.76255405,0.20468912,0.98091966
0.78872275,0.2238064,-0.26922968,0.84765804
-1.9172412,0.9614112,-0.37876174,-3.029255
0.6516346,0.32479796,-0.20220539,0.37660217
-0.15425545,1.2636429,-0.44301707,-0.37399074
-1.5156285,-2.4746487,2.6046839,-0.935519
0.20737922,0.8597273,-0.81077045,-0.7328608
1.374278,1.5700788,-1.2906032,-1.4716911
-0.037968524,1.3943189,-0.62432903,-1.4115359
-0.7577128,-1.3226595,0.8616874,0.7088218
1.1992502,1.3482049,-1.3056247,-1.569617
0.47551882,0.5015881,-1.5330001,-0.98388296
-0.6860802,1.524995,0.294241,-1.396677
1.9019935,0.6046734,-0.90249133,0.5377548
1.3383037,-0.10322996,-0.19409935,1.0212069
0.2721328,0.38244468,-1.4470017,-0.6851201
0.33088487,1.1937711,-0.78940356,0.30966455
0.9095611,-0.8691346,0.24896893,0.30470833
-1.169293,-0.40756223,0.25312236,1.227623
-0.39427835,-0.39009088,-0.42957392,0.79497546
0.06130982,0.36218223,-1.448963,-1.5826068
-0.7652937,-1.2887704,1.0065949,1.148247
0.32428673,0.40969768,0.14458023,0.7212171
-0.3739924,-1.1713663,0.7048966,1.2765621
-0.69836414,-1.9739462,1.5232083,0.049348354
0.6214864,0.70669496,-0.22553596,0.974722
-1.0615108,-0.48372546,0.5508748,0.9400142
1.0648645,-0.99317473,0.64162654,1.306328
-1.0850607,-0.5766796,-0.032954454,0.646222
1.4894655,-0.87786436,0.45735413,1.2753159
1.911224,0.69761056,-1.0064877,0.275575
1.0855716,-0.088911146,0.09693153,1.4296583
-0.76890874,0.15707532,-0.93216497,-0.50350416
1.8646857,1.4135345,-1.4521242,-1.5113312
-1.4830586,-2.4515834,2.6046839,-0.78678477
-1.7781526,-2.4585738,3.5094094,-0.974584
-0.6026902,0.24687186,-0.75559944,-0.99567425
0.10970832,0.30836844,-1.3641413,-1.417767
0.23377205,-0.19756867,1.0340765,0.28797033
0.68785447,1.3488972,-1.048414,-0.78553855
-1.8130037,-1.3488655,2.279865,0.052463964
-1.114156,1.6200428,0.23810092,-2.1069872
-0.46619523,0.20145014,-1.1800767,-1.0843012
0.7819491,0.22941236,0.10484605,0.6567576
0.13369699,1.2405943,-0.84376687,-1.4369401
0.63798195,0.2982372,-0.26646078,0.7032424
1.229644,1.4103937,-1.2301021,-1.3582351
0.8030071,1.2280147,-1.1118686,0.10326753
1.1904057,-0.83034885,0.21832614,0.8166697
-0.6862908,-1.3995218,0.9804977,0.9858759
-0.41269013,-0.3610902,-0.44657516,0.6790701
1.1887562,1.2133244,-1.3592035,-1.3656646
-0.4602463,-0.6790557,-0.3597809,0.61523134
1.6003013,1.0225532,-0.8904465,0.22226937
0.30747533,0.5257004,0.11393741,0.6728724
-0.8005309,-0.253125,-0.16938432,1.2474191
0.31368747,-0.13117528,0.95737714,0.36916783
0.56097955,0.0071836454,-1.0428761,0.5687455
1.3137009,1.427161,-1.2374167,-1.4964722
-0.19637446,-0.49980035,-0.56737673,0.8445615
-0.53204036,-0.3582957,-0.052152373,0.7652238
-0.84959626,-0.1367728,-0.4137564,0.23156826
0.7075439,-1.3722688,1.489612,0.66605645
-0.8030228,-1.927123,1.4465089,0.098929666
0.19944736,1.0089266,-0.41296494,-0.7080797
-0.7795781,-1.3775201,0.94787043,0.7714215
0.28017002,0.35169637,-1.4618155,-1.353298
-0.6080951,1.4282248,-1.0292392,-2.243355
0.42550588,1.0218608,-0.5499786,-1.1376022
1.2624245,0.14625177,-0.16167516,0.91088086
1.823131,1.3974764,-1.3384595,-1.2609322
-0.11082248,0.32513562,-1.3718714,-1.529306
1.0621971,1.5707713,-1.3178772,-1.87394
0.6577064,0.29160127,-0.21505554,0.76832503
-0.7862465,-1.7936608,1.6616088,0.46337903
-1.696728,-2.4900146,3.2646587,-0.23824617
-1.4025816,-1.720986,2.511763,-0.047331322
0.21850492,-0.10532374,-0.95726997,0.6201899
1.5002403,1.095228,-0.938672,-0.1471266
0.7089828,0.19516876,-0.3016539,0.5402343
0.30842295,0.46210995,0.18136087,0.67535055
1.4501572,-0.9180516,0.3140158,0.700146
1.7404078,1.3820939,-1.2265487,-1.0452365
-0.538077,-1.5298603,1.039822,0.7441527
-0.50673556,0.20075782,-0.6169914,-0.2084801
-0.61771166,1.298241,0.21534951,-1.958205
1.0686901,1.1822383,-1.0836025,0.124961756
-0.16072102,-0.33488578,-0.3740153,1.1519856
0.5558905,-0.34816274,0.8452584,1.0832027
0.5880041,0.84191316,-0.38726234,0.8024146
1.0064985,0.8901379,-0.653772,0.67411387
-1.887795,0.2975449,-0.15692875,-0.1496191
-0.47233367,-0.6451498,-0.39299634,0.59911644
1.2668467,-1.0469716,0.74739975,1.1122977
0.7834231,1.5103215,-1.1322434,-1.4307568
1.4027766,-0.70245886,0.0455217,1.0032322
-0.4704595,-1.6399192,1.2167568,0.7311343
-2.375711,1.2622412,-0.34455732,-2.6846209
-0.6399279,-0.53823155,0.18412982,0.556969
-1.4171818,-1.3142674,1.9807283,0.17020518
-0.9741548,1.881395,0.42018124,-2.2811258
0.25683063,0.33771527,-1.4879127,-1.3935612
-0.94088304,0.21647814,-0.90092224,-0.7130167
1.215851,0.9467377,-0.7688442,0.634445
0.8382093,0.92892367,-0.53673154,-0.33305645
-1.0107608,1.8261966,-0.1780857,-3.1048923
-1.0520698,-1.2831813,1.0394298,0.58981895
-0.885044,-0.38729635,0.045337103,1.4030077
1.8862351,0.5403738,-0.8643493,0.77762395
1.1690319,0.16406587,-0.19528538,0.7311343
-0.88753587,-1.5053933,1.1793994,0.4057355
-0.65817827,0.25036713,-0.80246365,-1.0811857
0.17445843,-0.94668925,0.7234716,0.42556992
-0.62957436,1.5001904,0.044921774,-0.82398033
-2.1302438,1.0665902,-0.31766754,-1.8361214
1.3795775,-0.22726838,-0.018325256,1.5356368
1.0919242,-0.096239395,0.11294518,1.6001059
0.51384455,-0.7304211,0.30037877,0.18508337
0.6184681,-0.07283624,-0.080603145,0.97844166
0.17445843,-0.94668925,0.7234716,0.42556992
0.7804048,1.5019463,-1.1112688,-1.386755
-0.7993025,-0.09379103,-0.2850472,0.053087074
-1.2303966,-0.3953321,0.20309702,0.939391
-1.6051605,0.27902162,-0.4582416,-1.2962586
0.57968616,0.8132587,-0.23621249,-0.49363002
-0.70815617,-0.66961676,0.046306223,0.9995127
-1.2006346,-0.25277546,-0.24392167,0.600356
-1.4123737,-1.3572407,2.0147169,0.014022183
-0.68713313,-1.3614453,0.8871846,0.8544788
-0.03628388,-1.0578121,0.7070657,0.09335033
-1.4926401,-2.5099394,3.56518,-0.5376321
1.5987921,0.9110927,-1.105754,0.010906573
0.02996486,-0.2618598,-0.54187256,1.0280229
-0.4244967,-0.28352207,-0.3550359,0.39767805
1.1362865,0.20004864,-0.15139319,0.71440107
-0.7521324,-1.112318,1.0852786,0.75778955
-2.3564427,0.8198947,-0.22652353,-2.793092
0.3185659,0.39222133,-1.4327648,-0.67831373
0.68097556,1.462806,-1.0420916,-0.96715444
-0.10927822,-0.2678001,-0.45705557,1.0323656
0.59481287,0.5714767,-0.7625218,0.003477015
0.8095001,0.9442894,-0.33131054,-0.64548
0.25795373,1.2405943,-0.82934535,0.18074551
1.3657144,-1.1301322,0.44489396,0.29044843
0.066184774,0.315359,-1.2886188,-0.42542225
-0.1376231,1.133676,-0.014171857,-1.3167256
-1.143918,-1.8320919,1.7448612,0.096451536
0.15440412,1.2636429,-0.52882403,-0.4861526
-0.15074155,-0.9819797,0.06647329,1.0069518
1.026609,-1.0326527,1.0421757,0.65489775
0.89036316,0.64379686,-0.28425574,0.013399073
1.2321359,0.116888046,0.0032262628,1.0001358
0.030491317,-0.856555,0.36503333,0.09521969
1.6880434,1.5564524,-1.3522812,-1.3985461
-0.88041127,1.5218543,0.26221365,-1.751185
0.7042097,0.7821727,-0.5341611,0.23590614
-1.1681348,-2.335243,2.4014442,-0.75332785
-1.4880775,-1.6727613,2.00048,0.8792694
-1.0517187,-0.59344673,-0.0011348134,0.72431827
-0.1736054,0.7409386,-0.09426322,0.025190404
-2.0754225,1.0760124,-0.28366277,-1.8447971
-0.18920769,-0.43516472,1.4421479,0.8749315
1.227819,0.007538237,-0.3532564,1.1575458
-0.19295603,-0.20350894,-0.43688852,0.5389948
1.3269323,-0.7793381,0.11631406,0.89042807
-1.348041,0.51487684,-0.5252659,-1.7654688
0.839192,0.17733777,-0.30244532,0.84146035
0.5275674,1.0732262,-0.3532564,-0.5152955
-0.56804967,-0.5169221,0.17443855,0.9375313
-1.252683,-0.23425725,0.25727573,0.5365153
1.2853075,-0.8065911,0.19875902,0.92885554
1.2771299,0.9844766,-0.8283532,0.0065926253
0.48825896,-1.4494857,1.5874705,0.30780476
-1.0786029,-1.0511761,1.0326921,0.500565
0.1301838,0.175244,0.654479,0.85571545
1.1754545,-0.79261005,0.17266183,0.49188918
-1.4232887,0.36917278,-0.4305615,-1.3043112
0.07157213,0.5728782,-1.5513904,-2.3666852
0.6300852,0.38593996,-1.4562776,-0.4446432
0.17445843,-0.94668925,0.7234716,0.42556992
-0.67060256,-0.2814266,-0.6160222,0.3344552
0.39265525,0.33633068,-1.4817979,-1.2293448
-0.6528436,1.7004004,-0.25183156,-2.7869086
0.42466357,0.2035439,-0.29512846,0.49684545
0.8912055,0.8489038,-0.41019833,0.9090211
1.0328913,-0.99700767,0.65980923,1.0800871
-0.9456211,-1.1063745,1.1171213,0.62080824
-0.9640469,-0.4211887,0.10978398,0.35242984
-0.73588264,-0.5364923,0.11294518,0.81791115
0.46656913,0.43205395,0.14557245,0.92885554
-0.6591259,-1.7304082,1.6938437,1.0317425
-0.018538933,-0.18568134,-0.17313161,0.35429442
1.2337503,-0.94250166,0.3173846,0.5768029
0.7859151,0.21193595,-0.26211125,0.84828115
-0.631259,-0.27443776,-0.1389376,1.3249259
0.3573128,1.1787431,-0.8629648,0.25450394
0.21317019,-1.4760463,1.5647423,-0.05538399
-1.0439624,-0.41664654,0.2715127,1.1401943
-0.43864772,0.26539513,-1.1943136,-1.0892384
0.04551976,-0.13642664,-0.8722407,0.5644069
-2.3972955,0.7832195,-0.09781666,-2.6046696
-0.11311781,0.027800713,-1.1247212,0.25450394
-0.038719602,-0.45717824,1.518478,0.8991039
0.1344937,0.5117193,-1.5618663,-2.3480875
0.3241463,0.23709518,0.65507895,0.9443521
0.24939013,-0.9372672,0.93917143,0.26256135
0.0382126,0.71297634,0.0403761,0.34623218
-1.1562722,0.4575678,-0.4819667,-1.476005
1.7765224,-0.044181738,-0.33823055,1.4916348
1.1217915,-0.16821846,0.027731305,0.939391
0.15806119,-0.19407506,1.0388299,0.35986894
-0.15706673,-0.47849098,-0.5648062,0.8786511
-0.086977705,0.7933509,0.11670631,0.14913407
-1.8176014,0.2213749,-0.09980106,-0.05418565
-1.1972301,0.09034423,-0.2263251,0.3747472
-0.34124005,0.93170977,-0.24036357,-0.1297751
-1.2047409,-1.851662,1.8618948,0.21731314
1.211534,-0.8177693,0.23671643,0.66419667
-1.2117953,-0.41909325,0.2764506,0.97844166
-0.8802358,-0.089958034,-0.4960029,-0.03865554
-0.54864115,0.0061367583,-0.66108656,-0.09444889
-0.87591887,-0.561297,-0.066573896,0.7807204
1.6188675,0.35238868,-0.6779079,0.98091966
-0.5289167,-1.3712218,0.8877846,0.9530278
-1.5617808,-1.7090987,2.5260003,-0.12172244
-0.92322934,-0.6643823,0.047898374,0.7838216
-1.9493549,-1.2024523,2.0483363,0.05864724
-1.6346416,0.7531635,-0.31134284,-2.090882
1.6272557,-0.26954603,-0.3010609,1.1470487
-1.0322049,-0.34397012,-0.0045036618,1.1458025
-0.2554073,1.2224087,-0.46951118,-0.429161
-0.72693294,0.26154527,-0.74708503,-1.1412929
-0.84412116,0.18118763,-0.8805475,-0.56984264
1.0202916,-1.0847105,0.5710419,0.4534618
0.39061967,1.1378635,-0.25123855,-0.47685376
0.37096542,0.27343258,-1.2779584,-0.11616227
0.7427811,0.7329011,-0.61563003,-0.025665876
-0.7695053,1.7073909,0.26952827,-1.0260155
0.93139136,-0.741937,0.1669163,0.7156425
0.7468172,1.2594553,-1.1765232,-0.08265749
-0.48901165,0.14974704,-1.0683733,-0.061615214
-0.8637754,0.34401354,-0.4942239,0.004100183
0.97238445,0.6668623,-0.5217055,0.27371523
-0.10154639,-0.4893314,-0.116206974,0.80117315
-1.8514347,-1.1486554,2.0530896,0.31276578
0.11884402,1.228707,-0.63122827,-0.1514885
1.7036613,0.24442345,-0.6644555,1.1265815
-0.1504136,-0.19931631,-0.4958068,0.9307153
-0.79561734,-1.4183998,0.95421594,0.83092475
-0.9772433,-1.1220948,1.186114,0.538375
-2.0909355,0.7626025,-0.14071666,-2.6077852
1.1733487,0.90655047,-0.6984672,0.7596493
-0.8040757,1.0260484,-0.731879,-0.3138835
-1.1313183,-1.2702472,1.0257697,0.7875364
0.48390698,0.9788875,-0.57370377,-0.6150908
1.4432081,1.0836952,-0.9054679,-0.19362105
1.1953193,0.73884475,-0.8194695,0.55139065
1.310472,-0.380657,-0.2937463,0.7007643
-0.12862743,0.115148865,-1.0262625,0.26937735
0.03197941,0.30976996,-1.288042,-0.38698047
1.2421736,-0.13048299,-0.17254783,1.0472534
-2.311554,1.0333936,-0.20556733,-0.9974957
0.24528378,1.0319921,-0.09564766,-0.7960836
-0.56131107,-0.5459313,0.3268682,0.8842304
1.2023387,-0.17311017,-0.09327102,1.3825406
0.53771037,0.86602557,-0.21466097,0.88546705
-0.51305294,-1.384156,0.9271265,0.9505497
-2.4067013,1.3038301,-0.34258008,-2.7168794
0.6161167,0.156383,-0.0414689,0.4794939
-0.8347503,1.5892944,0.09238586,-1.0818088
0.991793,-1.0588589,0.529531,0.49499047
-0.7480612,-1.5071493,0.9882046,0.6474635
1.633187,0.24827331,-0.64091957,1.1036218
1.2250813,-0.8537521,0.45003957,0.96852446
0.63945603,1.0620482,-0.40525347,-0.9999882
-2.278633,1.2639976,-0.44855264,-2.4857013
0.52051294,0.7213684,-0.29315326,-0.39690247
-1.3312297,-0.36074236,0.14418797,0.85571545
0.5243034,1.0040468,-0.3866693,-0.9076224
0.52693564,-0.30553547,0.76341337,0.40449405
-1.0138493,-1.0749338,1.1412343,0.5402343
0.30614167,-0.33174172,1.1499332,0.20615448
-0.6632673,1.2346506,0.054220747,-1.8887992
-0.42800987,1.3097738,-1.2216107,-3.029255
-0.48264158,-0.29889673,-0.40367287,0.718739
0.426278,-0.22412431,0.74700755,1.1544782
-1.5310359,-1.3324361,1.9816973,0.0809358
-0.64649105,-0.6643823,-0.3718417,0.475156
-1.1208946,-2.080172,1.7343625,-0.3696289
0.040413186,1.4463934,-0.70400506,-1.4282644
-1.0557199,-1.2608082,1.0603814,0.8798926
-0.6080951,1.4282248,-1.0292392,-2.243355
0.17886308,0.6832918,0.08507126,0.41131482
1.4436291,1.073564,-0.9151592,-0.13351382
0.9835803,1.3234003,-1.0879406,-0.6764443
0.98540527,-0.9316781,0.870571,0.7652238
-1.3261056,-0.39078993,0.25965244,0.8247271
-0.7462362,0.16475818,-0.8516814,-0.35663924
-0.8380143,-1.4833915,0.93008006,0.50552595
-0.8770068,-0.27688444,-0.57984155,0.16958684
0.15285985,1.4240203,-0.69193715,-1.3539213
-0.29799727,-0.2506783,-0.42542052,0.39457682
1.1747526,-0.8645925,0.26341355,0.59911644
-1.516892,-1.628032,1.9182426,0.79497546
0.7858799,0.6497405,-0.17946784,-0.1465035
0.12109373,0.70389193,-0.07231942,0.39829636
0.9955483,0.27167648,-0.3000733,0.53527576
0.32260203,-0.12663312,-0.88864666,0.75902617
0.5554694,-0.23181057,0.7104345,0.41627103
1.1446745,-0.9722031,0.63569635,1.1222197
-2.0420456,1.2346506,-0.4446,-2.2693822
-1.0455066,0.21961881,-0.53989506,-0.88782626
0.026500808,-0.22482337,-0.8048172,0.84394324
0.8741484,0.7154247,-0.37362072,0.28611055
-0.9477269,0.2510763,-0.8684796,-0.6138446
0.39823565,1.033039,-0.3609672,-0.47253978
0.63534963,-1.0050452,0.85970306,0.3747472
1.2156053,-1.1144118,0.43561804,0.30966455
-0.29523164,0.21752504,-1.0310159,-0.7216925
-1.4062318,0.36042616,-0.3661077,-0.449005
-0.035627566,0.46665218,0.12678982,0.47639266
-1.2856389,-1.523562,2.3387742,0.113803096
1.2440337,-0.24893236,0.17284639,1.6038445
-1.0196052,-0.3733203,-0.0050805355,1.1036218
0.14850083,-0.30413786,1.1760304,0.31276578
-1.5350369,-2.4802377,2.6656003,-1.0204554
1.5128751,0.050511554,-0.31628537,1.360252
-0.37811276,-1.083309,1.5781716,-0.7316145
-1.8502414,0.82165074,-0.40387133,-2.5854487
1.2939765,1.5393307,-1.2461157,-1.436365
0.08047268,1.325494,-0.41434944,-0.2301935
-0.0808849,0.01836178,-1.1053387,0.2712371
-0.34489712,0.17838468,-0.7283024,-0.59836245
-0.4005572,-1.2443957,0.5862709,1.0001358
1.7105054,0.5840564,-1.0147945,0.31462556
0.15257907,0.6340202,0.038991626,0.4869282
-0.7219492,-1.3768109,0.7268404,0.6487001
-0.8335219,-0.24194348,-0.6454652,0.17206495
-0.29157808,0.70389193,-0.026839731,0.010283463
-1.4041259,-1.6923316,1.9787438,1.0311241
-0.36958775,-0.21119517,-0.43688852,0.24892458
-0.9524299,-0.45018938,0.27942717,0.5885794
-1.1087159,0.35659316,-0.4614051,-1.176044
1.6493667,-0.31077644,-0.27259165,1.1018004
-0.55162436,0.000547691,1.2476074,0.9034417
-0.94154984,0.2538624,-0.55175763,-0.8214878
1.118001,-0.9379595,0.3045322,0.22598891
1.3701366,-0.91070646,0.5032261,0.9263774
1.1888615,1.5396852,-1.2734127,-1.8429277
-0.2501603,0.21333745,-1.1290822,-0.83016354
-0.099952996,1.0361797,-0.09998566,-1.0340681
0.5518895,-1.4645138,1.5285616,0.45222032
-1.0423479,-1.4805886,1.6839448,1.3001448
-0.8909403,-0.106032945,-0.47089332,0.17082828
-1.5266489,0.14449568,-0.16582625,0.19252251
-0.7901423,-1.8313997,1.7325858,0.50862247
-0.88525456,1.5225635,0.19677462,-1.0718869
-0.51687855,1.2814738,-0.14941572,-1.9892174
-1.4766358,0.119336456,-0.15554658,0.41874912
1.3120865,1.1672103,-1.0452528,0.28115433
-0.48029712,-1.1668241,0.69896644,1.2319369
-0.6217478,-0.043472536,1.285957,1.0614893
0.84922963,1.2157727,-1.2156806,-1.0322467
0.0030280573,0.19236577,0.64954114,0.9102625
-0.5932141,-0.03719117,1.2691588,0.77080315
0.59449697,0.8558943,-0.24451466,-0.49794397
0.18378015,0.112008184,0.68076074,0.67101264
0.45642617,0.36218223,-1.4418561,-0.6318192
-0.37183747,-1.3694826,0.75609875,1.0974386
1.1745069,0.12946768,-0.0456223,0.83836395
-1.0234659,-1.5633947,1.2434539,0.25821868
0.9676112,0.6658155,-0.39062428,0.42309183
1.7441281,0.2185719,-0.6140379,1.3174963
1.0428588,1.1679027,-1.0381228,0.29293132
-0.9303891,-0.5172767,0.3440587,0.74167466
-1.4490497,-2.6151016,3.7085183,-0.68761253
-0.7980039,1.5232557,0.2910798,-0.9138536
1.3493242,0.11584118,-0.23581561,0.74043316
0.49092636,0.76959306,-0.35622215,0.5910585
-0.01491694,-0.32964453,-0.35523364,0.73547214
0.31263456,0.2510763,-0.2933494,0.50986385
-1.7234367,0.9390549,-0.41988495,-2.6803071
-0.346115,-1.6434145,1.2017354,0.9238945
-1.3049071,0.37616333,-0.45250762,-0.30640605
0.20583495,0.087895826,0.7905028,0.9648048
0.47106153,-0.4355143,0.9409481,1.1922969
0.60148126,0.7210138,-0.4811753,-0.50168276
-0.85524684,-1.8872904,1.8057547,0.5179213
-1.2393463,-2.0717802,1.7223176,-0.55560666
0.7846165,1.419478,-1.1419346,-1.353298
-1.4680723,-2.5780718,3.7116797,-0.7638252
-1.24433,-1.4606638,2.130389,0.079737514
1.57991,0.10152236,-0.38844836,1.3459682
-0.8970822,-0.106032945,-0.4760343,0.17826262
1.2529484,-0.91244566,0.47297555,0.6958081
1.0940651,1.1493963,-1.1045542,-0.008314316
-0.48849574,-0.29016158,1.0874708,-0.14343582
0.62461007,-1.2915566,1.4447322,0.15843296
1.1650659,-0.92992204,0.57381076,1.192872
-0.29556155,-0.33174172,-0.33388078,0.5247387
0.39921835,1.0305907,-0.2808938,-0.48495436
-0.600795,0.055408325,-0.45764858,-0.10250155
-0.53867364,-1.2915566,0.7052888,0.89662576
-1.2115145,-0.0053959684,-0.1776888,0.3499517
1.5355127,0.071466364,-0.40861544,1.3118882
-0.7190712,-0.16891752,1.5356685,0.8588166
-0.27996102,0.18292686,-1.189168,-0.8995698
1.6246585,-0.3659819,-0.24471313,1.0459976
0.31084463,0.015575691,-1.1118686,0.5984962
1.2742169,0.29963872,-0.18045774,0.75654805
-0.25255042,0.23115154,-1.1731544,-0.9615464
0.5568732,-0.16647252,0.7220871,1.2480423
-2.2237415,0.80348206,-0.1917273,-2.6344357
-0.64077026,-0.041041035,1.3915457,0.9431106
-0.7052431,1.5253496,0.23966996,-0.84008557
-0.036297917,-1.0578121,0.7070657,0.09335033
0.2538123,0.7751821,0.009940935,0.90096366
1.4752864,-0.75487113,0.3064935,1.1420636
-0.91252476,-0.28457066,-0.58932513,0.1540903
0.24005437,1.1549853,-0.5699472,-0.3008459
-0.94432247,-1.8803166,1.814846,0.15533175
1.8791103,1.0267576,-0.952309,0.33383685
0.2559883,1.4324123,-0.6436885,-1.3687801
-0.27827287,-1.0567651,0.13825783,1.0193472
-0.2901742,-0.3090295,-0.36314195,0.35305297
-1.0136036,-1.8320919,1.697005,0.15037552
-1.0153584,1.8440107,-0.136171,-3.0955935
-0.87290055,-2.140622,1.8425124,-0.109307945
0.11547122,0.67734814,-0.07190409,0.25760034
-0.33084086,-0.34536824,-0.34317333,0.9331934
0.8085876,-1.1552913,1.1890906,0.2898301
-1.2327832,-0.20280989,0.27605835,0.4534618
1.222765,1.4250671,-1.2921953,-1.5733079
1.1035762,0.099783145,0.088440135,0.91831994
-0.64129674,0.085092865,-0.4505301,-0.1471266
0.75425774,1.3415688,-1.0804414,-0.8686053
-0.06668825,-0.20875016,-0.7955413,0.7782423
-0.16011208,0.9058582,-0.16681615,0.2042947
0.0494085,1.2468756,-0.5576901,-0.32998878
-0.036297917,-1.0578121,0.7070657,0.09335033
-0.0694995,-1.0679433,0.14121135,1.2598337
0.119970635,1.2234725,-0.9036912,-0.0981876
-0.40983322,-0.012386534,-0.69253707,0.012152795
1.2702861,-0.33348766,-0.24313253,0.81295013
-0.92687947,-1.8432701,1.72864,0.43114924
-0.40275773,-1.0560559,0.16534725,0.80613416
0.68058944,0.9593173,-0.34416184,-0.26738906
-1.418305,0.25595617,-0.46773213,-1.1456548
0.07986549,1.4484873,-0.67156243,-1.3092961
-0.46563366,0.23464681,-0.76824427,-0.8443995
0.16546312,0.26363903,-1.3859006,-1.2045158
0.9957238,-1.0385965,0.5032261,0.42432848
-0.41784585,0.122494005,-1.0507907,-0.03803243
-0.05834924,-0.181845,-0.5045059,0.58424056
0.15562198,0.84505385,-0.15356912,0.4850732
0.22043526,0.1088675,0.23334756,0.48569158
-0.5358308,0.08404596,-0.93018067,-0.12546116
0.250794,0.30208707,0.09949278,0.3592506
1.2770598,1.4509356,-1.3105626,-1.7134144
-0.6749194,-0.68010265,0.022585705,0.9957931
0.25669026,0.35519168,-1.398753,-1.2863364
-0.9561852,-1.5309072,1.4888043,1.0088116
-2.6213884,1.2636429,-0.3095615,-1.608634
-1.3663616,0.14870013,-0.31055138,0.07724502
-1.3304577,-1.5281041,2.2923024,0.2935497
